37066743
37400009
37512833
37365270
35393033
37365254
37274350
36173525
35814901
37561138
37229735
37040036
36031399
32997825
34925670
28337061
33496479
28542683
34916744
31873459
36172139
37226416
28923483
34593282
37554072
37553079
37552708
37543163
37539571
37539564
37156673
37131664
37112369
37110992
37582129
37582106
37566783
37566781
37566265
37566226
37566193
37565258
37565018
37564636
37564093
37563978
37563953
37563881
37563842
37563749
37563709
37563701
37563668
37563626
37563530
37563426
37563363
37563093
37562932
37562929
37562890
37562847
37562784
37562590
37562080
37560339
37555125
37553140
37553073
37538493
37538483
37538480
37538437
37538170
37109822
37217057
37216876
37216888
37211908
37205000
37111634
37110640
37110631
37110003
37571305
37562397
37490223
37483948
37483622
37474992
37469783
37447655
37440662
37440646
37440515
37440453
37440417
37440373
37440024
37440168
37440109
37427428
37318024
37290144
37290105
37220373
37219832
37219588
37189679
37041485
36980827
36980806
36980784
36980793
36953269
36953259
36808945
36751172
36751157
36743444
36743396
36743384
36743395
36726022
36726036
36610858
36503271
36503212
36501800
36501758
36373872
36370127
36370122
-13273054
-12780482
-11581475
-727002
-4471169
-10755022
37064445
37064417
37064341
37063868
37063572
37063551
37063565
37063569
36994666
36832969
36766403
20749619
12539239
-12539239
-12101635
-12536967
-1534331
-12587420
-12587393
37273817
37595186
37594398
37443786
37443762
37339319
37339314
37338727
37317508
37305881
37295721
37295488
37295304
37294951
35983472
37003966
37007720
37294775
37008375
37008748
37294770
37294561
37057349
37294549
37058748
37229879
37066744
37109433
37110603
37266655
37269129
37229879
37228611
37269490
37270426
37270419
37287853
37390191
37415272
37415763
37415791
37415899
37416608
37416576
37418680
37442138
37503020
37503477
37503473
37503618
37504283
37508633
37508864
37510297
37511543
37511548
37511773
37562552
37562590
37562765
37562818
37562896
37562920
37562939
37563439
37563626
37563668
37563709
37563749
37563881
37563978
37564735
37564754
37564831
37564928
37565246
37565258
37565859
37568135
37568163
37568267
37568366
37568448
37587667
37588021
37588348
37588342
37588783
37588773
37588792
37588809
37588802
37588818
37589085
37589105
37589114
37589121
37589143
37589214
37589242
37589261
37589277
34560581
34533468
34008747
33920830
33920711
33905545
33905362
33784260
33656846
33615475
37561138
37365270
37365254
37293085
37035204
36779273
36635042
35115970
34916744
34703333
34698388
34593282
34560581
34358467
34358481
34358453
34067659
33920711
33905545
33784260
33769116
33646549
33646056
33646003
33645992
33615475
33521304
33391667
33391542
33391534
33391380
33389583
33389555
33389547
33389534
33389513
33389225
33389166
33389139
33355276
33192889
33176826
33162109
33162108
33139309
33138592
33138584
33115384
33079988
33079978
33079958
32960667
32960663
32960650
32960647
32960641
32960625
32960620
32960604
32960596
32960591
32960576
32960569
32960560
32901405
32878541
32773042
32773009
32772990
32772982
32772715
32772710
32772703
32772693
32772689
32772668
32772661
32772641
32723997
32574780
32354781
32216653
32216634
32216622
32165008
32121763
32121335
32121324
32054809
32031477
32031379
32030050
32030031
32030024
31986974
31893127
31891282
31891280
31817580
31724879
31724841
31678376
31678340
31498865
31476615
31475591
31443221
31428235
31428235
31206477
31181722
31068325
31067335
31067277
31067260
31067245
31066714
30985298
30961685
30507204
30345258
30119382
30119366
12910703
30004339
29990763
29971299
29970882
29970876
29970871
29970193
35228157
35228167
35228201
35228203
35228207
35228210
35228223
35228240
35228242
35228243
35228260
35228281
35228282
35228285
35228308
35228309
35228315
35228341
35228383
35228389
35228414
35228422
35228426
35228440
35228450
35228455
35228456
35228459
35228504
35228506
35228512
35228532
35228539
35228551
35228552
35228555
35228557
35228562
35228597
35228616
35228655
35228687
35228691
35228698
35228700
35228703
35228705
35228711
35228738
35228765
35228767
35228771
35228775
35228781
35228805
35228840
35228841
35228842
35228859
35228869
35228874
35228881
35228886
35228889
35228897
35228955
35228971
35229010
35229016
35229033
35229038
35229063
35229066
35229074
35229080
35229094
35229098
35229104
35229124
35229142
35229168
35229169
35229183
35229198
35229202
35229213
35229217
35229223
35229233
35229242
35229247
35229264
35229294
35229298
35229301
35229307
35229315
35229335
35229343
35229356
35229362
35229383
35229482
35229495
35229526
35229533
35229536
35229545
35229550
35229557
35229571
35229588
35229590
35229594
35229610
35229628
35229652
35229663
35229664
35229677
35229682
35229703
35229733
35229734
35229736
35229742
35229743
35229744
35229746
35229749
35229783
35229784
35229785
35229790
35229803
35229808
35229814
35229816
35229822
35229850
35229863
35229866
35229867
35229873
35229875
35229876
35229880
35229912
35229932
35229935
35229946
35229962
35229964
35229970
35229972
35229973
35229977
35229983
35229990
35230003
35230012
35230018
35230020
35230021
35230051
35230058
35230066
35230093
35230116
35230117
35230122
35230130
35230143
35230155
35230198
35230223
35230259
35230263
35230268
35230317
35230323
35230326
35230350
35230355
35230369
35230505
35230524
35230552
35230560
35230561
35230589
35230647
35230664
35230686
35230699
35230701
35230709
35230718
35230719
35230727
35230743
35230776
35230778
35230780
35230787
35230790
35230805
35230806
35230817
35230856
35230871
35230877
35230890
35230892
35230904
35230911
35230947
35230951
35230986
35231044
35231072
35231152
35231168
35231177
35231190
35231230
35231235
35231260
35231321
35231331
35231354
35231362
35231384
35231389
35231403
35231432
35231452
35231483
35231486
35231491
35231493
35231494
35231500
35231516
35231532
35231624
35231636
35231666
35231678
35231740
35231748
35231751
35231778
35231794
35231795
35231806
35231807
35231809
35231827
35231828
35231845
35231871
35231873
35231898
35231901
35231932
35231959
35231975
35232040
35232045
35232053
35232072
35232087
35232116
35232139
35232174
35232178
35232188
35232191
35232210
35232220
35232221
35232227
35232228
35232229
35232236
35232238
35232241
35232260
35232295
35232296
35232315
35232339
35232351
35232352
35232362
35232392
35232404
35232412
35232428
35232432
35232484
35232496
35232504
35232506
35232509
35232515
35232532
35232568
35232583
35232597
35232612
35232621
35232628
35232629
35232636
35232640
35232643
35232662
35232698
35232706
35232718
35232762
35232763
35232769
35232779
35232877
35232923
35232947
35233032
35233060
35233063
35233066
35233085
35233096
35233104
35233105
35233111
35233120
35233124
35233128
35233142
35233145
35233148
35233152
35233161
35233172
35233185
35233192
35233197
35233323
35233336
35233368
35233409
35233414
35233438
35233441
35233453
35233473
35233482
35233486
35233487
35233490
35233513
35233514
35233515
35233529
35233531
35233536
35233570
35233584
35233588
35233591
35233600
35233602
35233603
35233612
35233615
35233619
35233623
35233625
35233631
35233639
35233662
35233668
35233686
35233707
35233711
35233737
35233744
35233755
35233767
35233777
35233778
35233781
35233862
35233878
35233918
35233948
33266846
33266865
33266870
33266878
33266881
33266882
33266926
33266929
33266945
33266966
33266988
33267087
33267100
33267115
33267131
33267205
33267326
33267362
33267383
33267389
33267398
33267405
33267409
33267463
33267482
33267663
33267773
33267940
33267972
33267975
33268092
33268131
33268159
33268171
33268216
33268339
33268358
33268447
33268629
33268673
33268727
33268757
33268758
33268763
33268788
33268844
33268846
33269011
33269098
33269110
33269132
33269141
33269169
33269185
33269251
33269296
33269300
33269305
33269335
33269491
33269493
33269510
33269513
33269528
33269567
33269586
33269637
33269806
33269811
33269896
33269965
33269992
33270067
33270068
33270119
33270163
33270251
33270277
33270278
33270309
33270346
33270368
33270449
33270543
33270588
33270627
33270661
33270666
33270749
33270893
33270918
33271001
33271113
33271198
33271216
33271280
33271372
33271426
33271524
33271541
33271602
33271648
33271655
33271701
33271706
33271778
33271874
33271876
33271879
33271940
33271986
33272014
33272158
33272293
33272441
33272450
33272470
33272498
33272518
33272550
33272614
33272734
33272767
33272781
33272823
33272907
33272911
33272914
33272997
33273038
33273069
33273076
33273080
33273204
33273227
33273265
33273360
33273382
33273403
33273416
33273496
33273515
33273587
33273588
33273600
33273616
33273734
33273737
33273799
33273855
33273860
33273934
33273970
33273975
33273998
33274011
33274052
33274057
33274069
33274097
33274122
33274237
33274290
33274347
33274357
33274476
33274484
33274485
33274530
33274560
33274577
33274586
33274770
33274780
33274852
33274916
33274997
33275068
33275132
33275159
33275175
33275176
33275187
33275200
33275217
33275220
33275245
33275351
33275399
33275424
33275439
33275456
33275487
33275558
33275590
33275593
33275656
33275681
33275733
33275737
33275798
33275823
33275824
33275842
33275894
33275904
33275925
33275935
33275941
33275992
33275998
33276034
33276082
33276172
33276198
33276230
33276241
33276247
33276252
33276281
33276370
33276374
33276461
33276463
33276506
33276540
33276595
33276618
33276650
33276652
33276653
33276667
33276677
33276737
33276786
33276920
33276958
33276995
33277010
33277085
33277254
33277349
33277395
33277407
33277413
33277469
33277475
33277477
33277497
33277505
33277547
33277552
33277564
33277611
33277619
33277630
33277633
33277635
33277636
33277638
33277663
33277697
33277846
33277848
33277997
33278024
33278034
33278059
33278075
33278099
33278207
33278219
33278233
33278279
33278309
33278348
33278353
33278425
33278437
33278542
33278570
33278650
33278748
33278752
33278829
33278835
33278845
33278892
33278896
33278926
33278944
33279018
33279054
33279079
33279089
33279132
33279262
33279266
33279307
33279348
33279383
33279390
33279396
33279405
33279437
33279471
33279486
33279496
33279512
33279514
33279526
33279569
33279634
33279694
33279781
33279809
33279833
33279881
33279906
33279927
33279946
33279958
33280019
33280024
33280036
33280049
33280054
33280095
33280103
33280115
33280118
33280139
33280157
33280158
33280239
33280244
33280310
33280325
33280330
33280356
33280434
33280435
33280546
33280555
33280580
33280604
33280616
33280667
33280695
33280710
33280722
33280734
33280764
33280854
33280876
33280895
33280960
33280966
33280969
33280998
33281050
33281067
33281071
33281076
33281084
33281090
33281099
33281108
33281144
33281220
33281223
33281229
33281239
33281285
33281326
33281388
33281393
33281403
33281413
33281442
33281498
33281601
33281612
33281623
33281679
33281684
33281687
33281689
33281709
33281711
33281720
33281797
33281815
33281863
33281872
33281919
33281927
33281952
33281957
33281967
33281971
33281985
33281992
33282005
33282012
33282020
33282025
33282033
33282040
33282053
33282074
33282098
33282106
33282113
33282120
33282128
33282192
33282209
33282217
33282242
33282257
33282272
33282310
33282312
33282375
33282378
33282400
33282437
33282467
33282473
33282506
33282537
33282562
33282574
33282596
33282601
33282661
33282669
33282710
33282726
33282733
33282738
33282817
33282846
33282860
33282891
33282903
33282923
33283098
33283107
33283198
33283326
33283396
33283402
33283417
33283466
33283493
33283520
33283619
33283621
33283691
33283700
33283708
33283824
33283839
33283853
33283862
33283871
33283883
33283911
33283961
33283967
33283978
33284000
33284033
33284112
33284123
33284150
33284298
33284329
33284379
33284431
33284562
33284567
33284577
33284586
33284594
33284595
33284599
33284617
33284628
33284647
33284661
33284684
33284704
33284709
33284717
33284726
33284728
33284740
33284745
33284749
33284754
33284766
33284789
33284820
33284828
33284832
33284862
33284916
33284935
33284990
33285019
33285023
33285025
33285037
33285062
33285069
33285070
33285076
33285081
33285089
33285094
33285103
33285114
33285118
33285123
33285143
33285191
33285207
33285216
33285265
33285284
33285296
33285314
33285349
33285505
33285539
33285579
33285620
33285649
33285697
33285761
33285790
33285800
33285804
33285896
33285903
33285984
33285985
33286011
33286020
33286028
33286035
33286036
33286045
33286059
33286068
33286070
33286073
33286075
33286082
33286139
33286156
33286162
33286163
33286205
33286246
33286296
33286298
33286299
33286326
33286400
33286502
33286560
33286584
33286625
33286714
33286722
33286730
33286764
33286772
33286979
33286985
33287032
33287042
33287060
33287065
33287073
33287159
33287162
33287244
33287358
33287436
33287472
33287530
33287550
33287565
33287632
33287650
33287652
33287703
33287745
33287860
33287900
33287912
33287941
33288023
33288049
33288060
33288064
33288081
33288083
33288163
33288171
33288182
33288222
33288293
33288365
33288389
33288479
33288482
33288491
33288493
33288494
33288496
33288500
33288507
33288513
33288524
33288526
33288530
33288551
33288560
33288565
33288568
33288589
33288596
33288612
33288618
33288619
33288636
33288643
33288649
33288704
33288705
33288714
33288720
33288726
33288731
33288736
33288742
33288751
33288787
33288789
33288818
33288828
33288829
33288832
33288843
33288845
33288848
33288854
33288868
33288908
33288912
33288921
33288945
33288955
33288969
33288992
33288995
33288996
33289001
33289021
33289049
33289056
33289061
33289119
33289148
33289272
33289273
33289283
33289291
33289297
33289307
33289308
33289317
33289322
33289414
33289439
33289528
33289543
33289745
33289747
33289833
33289843
33289906
33290103
33290121
33290143
33290158
33290167
33290238
33290270
33290285
33290306
33290313
33290323
33290327
33290329
33290330
33290335
33290342
33290377
33290403
33290456
33290500
33290517
33290556
33290720
33290754
33290849
33290898
33290909
33290994
33291069
33291095
33291123
33291185
33291194
33291236
33291262
33291289
33291308
33291398
33291404
33291474
33291484
33291495
33291496
33291527
33291539
33291542
33291571
33291591
33291620
33291637
33291639
33291655
33291679
33291694
33291701
33291710
33291727
33291739
33291779
33291826
33291872
33291873
33291930
33292060
33292094
33292105
33292114
33292116
33292122
33292206
33292278
33292290
33292460
33292482
33292500
33292519
33292541
33292612
33292620
33292665
33292678
33292703
33292719
33292720
33292728
33292744
33292781
33292810
33292813
33292849
33292885
33292891
33292918
33292955
33293020
33293022
33293026
33293032
33293040
33293147
33293178
33293226
33293244
33293245
33293257
33293300
33293327
33293340
33293342
33293394
33293400
33293466
33293469
33293515
33293536
33293544
33293551
33293573
33293586
33293601
33293611
33293679
33293706
33293770
33293780
33293807
33293811
33293822
33293823
33293846
33293852
33293945
33293953
33294005
33294012
33294086
33294088
33294183
33294279
33294281
33294292
33294352
33294429
33294458
33294619
33294660
33294662
33294671
33294728
33294742
33294848
33294870
33294897
33294942
33294983
33294991
33294993
33295068
33295177
33295219
33295251
33295465
33295526
33295529
33295530
33295536
33295540
33295601
33295715
33295739
33295802
33295868
33295905
33296079
33296123
33296125
33296146
33296153
33296252
33296482
33296511
33296534
33296544
33296750
33296790
33296993
33297100
33297117
33297193
33297249
33297262
33297325
33297333
33297394
33297407
33297413
33297455
33297506
33297550
33297553
33297554
33297577
33297592
33297608
33297617
33297659
33297747
33297750
33297752
33297757
33297801
33297830
33297850
33297897
33297908
33297927
33297935
33297964
33297975
33297999
33298026
33298073
33298074
33298083
33298111
33298117
33298131
33298138
33298144
33298147
33298166
33298167
33298184
33298192
33298212
33298220
33298283
33298292
33298345
33298354
33298367
33298401
33298415
33298436
33298454
33298457
33298460
33298472
33298479
33298527
33298534
33298539
33298584
33298589
33298622
33298732
33298817
33298874
33298937
33298964
33298982
33299002
33299005
33299042
33299061
33299064
33299096
33299123
33299140
33299167
33299192
33299209
33299211
33299293
33299295
33299343
33299365
33299380
33299409
33299416
33299427
33299497
33299581
33299583
33299594
33299641
33299645
33299685
33299692
33299797
33299846
33299875
33299903
33299908
33299912
33299934
33299959
33299963
33299964
33299989
33300008
33300081
36847325
33142840
35825156
34971116
32197259
36701175
26876551
32064089
33784134
25291388
-12723480
36604559
36188717
36485720
36602042
35090313
-331619
31597859
35875095
35122683
36267338
29844733
36835556
32067043
33836722
36680064
34317713
28029523
30771504
35136877
36965547
36214063
33535065
24793849
31630871
28815942
29197864
34968281
34661119
35048340
36818390
30374710
36942051
32050852
30794223
29093582
29659753
34005627
25839647
24726021
-1000516
30260772
36836880
28635341
33670601
36686399
-910816
33111087
27748416
-12678477
35374119
29979189
34843536
23270013
36873139
34529803
34105553
33599896
32314462
26426834
34944117
36072935
27475195
35956448
36468137
32327616
27770534
27705525
30461302
26064981
-110637
36582000
33842361
36881276
36826260
-248587
33354994
26511720
34373102
36602187
28183423
34200172
32903574
32610804
29297887
30963682
-10609705
36773837
37011026
31010673
29104445
28525531
32324847
36483462
23250136
36943719
33497586
36866039
28666189
33441096
26035611
21651199
22924755
36009009
22915230
32111016
36122686
36809826
35633501
26925210
36043617
-13261949
34735391
-13163641
30379288
32607222
36460496
-12679602
35174352
26778357
33198138
29483420
34100919
33991544
34863933
24285331
29039937
36917613
23480831
24404078
32203753
-12534530
34715146
-344617
29889424
26466218
29327617
33044435
26612884
36316023
36943652
34360795
35535691
26106051
30078026
32425415
-13229048
27481148
30891883
-311858
29223222
36298442
27214883
36793442
36931633
36933922
28620762
22933582
36934490
35286447
35997744
36298613
32028298
25041901
34484727
26429039
36140782
28536071
27508711
32295748
27401600
36663072
30259650
36552360
33947320
35066250
31972421
36556677
34745117
37795027
26799399
36804917
33886988
36766118
28861594
30700157
34888735
35728543
36569934
22591725
36471848
36477764
34630051
35543628
33778231
22248700
31252858
29305912
29074589
33957263
26183804
33094109
29021885
27790440
36952967
35372711
32809262
29820591
36541655
34080868
24452789
23687078
25126837
33339131
36911854
33436184
34782941
27807595
25034213
33774536
22557006
36932171
29686456
36622643
25511959
33934765
36102810
32805918
35753491
-12683458
35109567
29961567
28124047
29929541
35443415
-1040434
26654441
36754192
35999341
25079100
35331602
31554926
36116773
33754823
33541791
31405579
-12661110
33055078
29286192
36840394
28195114
34958777
24499895
30726421
29095219
33609528
34272298
36223609
26832651
32466973
34367535
36577269
37032034
30817493
33029915
-146016
33855050
35261734
36352834
35156418
35305671
36815304
22540777
36321518
36804001
35210430
25515337
36896921
29977442
22938468
36946058
34513135
36838810
34118073
25209173
29838063
35675442
33172431
21976689
23275419
26553548
33288081
30357092
36110688
27941014
22145215
33554639
24584375
35131432
33176845
35652101
33893573
30585277
35541394
29139013
36918048
24714081
36724132
29684414
24831225
35758034
36836485
26171440
37002707
35218542
34743257
36293909
32548491
30631267
35888148
28870126
36773182
34434071
25625514
36623557
32035179
36597598
36215380
31738335
34143581
34552793
36102140
35488272
36688318
36825779
-13102394
27048483
27688471
26673033
33650463
21725915
30206933
36898457
26987717
29981831
36724396
35366448
28964582
30875142
35025534
27503358
33106786
29382123
36319635
29099079
36730896
31516149
21736167
36709429
28729616
26726337
31243090
-11009090
36491052
35102155
28128518
31183140
34275987
35201969
22747917
35434752
36847762
36049089
26644665
37525900
26027706
35557347
25445889
-13116791
36330424
21764041
36690494
28750345
25890677
35057068
36838696
36862350
27638422
36731687
34408472
36288728
35469141
32382026
23322168
36607506
36504223
25648801
36784385
36043628
34936021
34955659
35410783
36272676
33671560
32091311
32203032
-963287
33946175
34280904
36726636
31841775
27705676
34611904
35171238
35606650
36729346
36440077
36360571
21594533
29684599
-13058943
35678411
33763426
-10796785
36871073
-12541916
37039004
33427804
36944000
33079060
35518344
22152334
26337929
31318833
36356722
23725858
36964987
36644415
36763999
33293822
27673910
28854838
26113304
27638884
36587699
35390679
29031506
32446599
28330866
36851167
-13195291
36525674
28667522
27318204
36617307
36917486
33095336
29445184
28967936
36876576
32788310
34849225
35664749
36810676
22520213
34469516
33099480
36305081
-13074480
26697177
33635964
32960366
31719089
36784885
28195507
36050582
31994654
36426946
29049952
29594673
34788689
33744260
24666785
36852444
29992709
34906354
-12695016
33658339
36737091
36716432
36957642
33916685
32225829
34720422
29095083
35690205
35682487
31181132
27401339
31844443
35387109
33842863
24771227
32378803
36628930
-8331803
31414658
26222321
-12687801
-12744863
35079874
35256072
-322234
29709296
30805382
34658940
34307937
36684491
36509829
25753469
36576651
34639313
29298339
25259997
33143040
36929566
34865628
-10739437
34579235
36605148
36449902
36083401
-12791401
36929630
31105334
25983984
25353294
36250515
33281292
22894879
36533797
24723399
35271941
35719109
31128280
35708970
24068595
26452596
34466820
36998125
35819661
36297614
30933469
30844013
32693143
36773042
29744887
33988281
36711822
33480078
33519542
26471304
30167622
32988396
35056433
26382317
32237890
33274052
27602598
34427803
34573098
30776260
36924280
34679570
33335865
35103092
36951890
33887537
28503215
36656089
36783929
36788832
28928503
36736894
29190940
35757732
37024396
36666946
34248292
36812771
31886579
34333628
24118740
-10663611
35871852
32207894
36328441
36924854
28625061
27158612
22591067
36760554
35033720
34408362
-969845
34029872
25997125
36877980
33300008
34255864
29763542
33363912
-997324
36849621
25651859
-12999012
33252354
36380268
26983765
36050465
-8809
28183097
31041698
30674111
35666281
-991437
-958379
-6110893
-12817112
30274312
36418055
35436789
31527146
32125981
32567384
22300734
28245432
23590859
35079301
36626265
36370138
-12667017
29141894
36641089
-288131
33944466
36692859
27355801
35256548
25738292
-13275249
26235409
34162757
33493595
27587627
35165827
29892106
36763925
36795376
27107965
26142199
25949387
35591958
31857679
27974578
34630757
29714332
36368052
36947022
33706537
29618581
36637432
35764056
30057750
33666282
36580843
-6869890
30536519
31984989
36463594
22483232
35196111
22046974
28526672
34173277
36259682
36644209
32755453
29484140
30778787
32281201
36759122
36358982
36825612
27035282
36030851
35074948
30411562
35626548
29317787
36392122
27468503
30905767
27072380
30044802
36265161
34092905
29021916
24171028
36120064
30281761
27199678
30838887
29732968
31763999
25095552
34671729
36371479
28929336
36264339
25682791
26002052
26124506
35997332
31326233
30797587
29855151
35990729
-12820670
35855644
31413327
27319337
32307288
-13248845
34002458
30828486
35942661
26445159
32978347
-8429452
28415738
-905082
34540270
33332234
36566866
-13140789
24545383
29515040
27776886
35227526
36281884
31369904
34534031
32066976
32567783
32261040
21755556
31507449
35476320
30801578
-247368
36851034
36849391
24212988
27141958
25759331
28796143
35326031
30268940
29568538
36896031
23678068
27209122
30995324
36172200
27650600
23485101
27957502
34442026
24552283
30741467
22553083
35218074
29586485
-306185
32612096
23619769
34618892
24831025
24118980
22069779
26600449
-59800
36029714
36768988
35983656
35099665
32949586
34854584
29484074
37032758
34472741
35445115
30764111
30713694
33127066
29130194
22731127
36940129
35175498
26393363
36345436
36964270
24646480
36736564
34314493
22605078
30904705
36767064
36337185
34903383
36810572
36984900
24167467
29445991
24734685
28304843
35529094
36706993
36956720
35781896
35102227
36917695
33953751
36607709
29154986
30816770
30390277
33907115
36439019
34612250
35835517
28664198
35749328
33192037
34644515
29410441
35888171
24270919
35797521
27759645
26086369
36937818
34679367
36015029
34309678
32276492
35998403
34687592
36702607
36905526
-10778444
36930763
35368112
30855533
36290047
36798801
32699195
36840591
36906249
36934766
29197162
34401075
35630048
22123757
36849057
28776202
28496680
33778332
27046810
36837167
35529989
37048849
32549641
36473845
35571096
26545156
27234328
36945215
24831692
24815480
27021815
36584754
32426769
36643566
36667786
32375461
31899817
-13055977
21907314
26603995
30122956
34437974
36973422
24272221
23569668
33829066
36559070
28258835
35863945
36467416
36523868
32644264
24643338
22375076
36811534
36847470
23185924
28269156
-1041471
33128467
27244462
36608516
36626111
23314769
36857496
32041642
27943945
36780254
34356482
-13131956
34273848
36604444
36928201
36810298
26500741
34599153
35562248
-12567529
32315893
36464386
36705269
36167203
29975043
35584435
32411073
29082966
24524924
26858510
36804512
35253341
35027738
35037970
34285626
36773136
22571000
34373483
36932634
26211616
29492767
29562458
33354971
30275037
31619199
26194224
37068506
24480578
37023755
28111853
36867804
36932236
26400260
36164923
25478650
36859115
36492535
36084566
24369871
32108703
33000892
30488953
33038322
33745511
28931248
36300459
27755333
35479698
35577475
35749106
35046245
36009059
34792479
36949185
-12735597
24440169
36204711
36016052
30923469
33531341
22541306
36913948
34559778
34399856
36617804
-254800
36953914
27813770
33673892
35323838
23589030
30282489
35011130
35742321
33442172
29741918
-261121
23629268
24669328
36767032
26999281
34066678
36865440
36611996
22293972
25438582
33155808
35119196
27823944
36374777
36035113
28698967
27050943
31448202
30798247
24800760
36783408
33978863
36843591
35846439
30711617
22837715
22507042
36937416
36464916
23350248
33777785
21806089
32806715
36031663
26945405
35700430
26207189
30896293
26236749
28802779
-13271779
27669793
25401312
35114952
30782534
26985298
36037809
36860942
36931216
36660145
36315280
34443644
36216214
31069571
32796842
-12662354
-5946617
30210531
36801430
31469100
35962930
28296109
23397399
36231150
22730492
35129672
-12133531
36773846
24886837
33852266
27743010
33814035
-13092262
30345898
34517396
25002309
36767213
27016767
36235394
31341070
36963060
35369790
33780167
27646185
37029184
34846424
35705916
36097010
35145723
36922089
29913390
34673948
30945959
36476127
29428641
35007458
27043295
32197939
35566161
36147964
35221730
26978354
27819787
25477563
33855183
32674566
34129684
-11055318
37069780
28977806
30288200
31702939
22408017
35730802
34901177
33583422
36827910
30886920
32073994
35973892
24440065
21690275
32955306
36635410
35420372
33497054
-10984954
34134756
34125000
33668378
22986915
29053114
26213513
34625630
36916023
32704554
30559080
32170142
22314649
35025912
31324039
-1001228
34417434
35610195
32736959
31290105
31465544
29578647
37044939
26847675
36392813
35752810
27827674
35147758
36755936
-13074656
-12684314
30743637
23469511
35760988
33969324
36931293
34645992
34356493
29922016
26288843
27839236
33564678
33285070
35363091
30305806
36912415
36797059
36942314
26551505
36094752
34344256
35126756
34818316
36063261
24655441
31505743
21867262
25629419
28246492
32771587
37071333
36662122
30450299
36923415
-13150831
24980016
35554946
22578680
30602396
22647618
36940860
29482903
27089769
32131943
34555923
36872906
33674010
35931889
36651096
36799194
36601450
35229742
27640453
24632344
36899266
36868546
21689908
30121082
23154084
35726957
33126090
31116289
28556285
30450374
30773981
-11255259
35802030
34283904
32671617
26303021
36930120
35637170
24527760
36053378
28896915
35676333
36179557
36752791
35407615
35686657
-35121
36009791
36285285
22656844
30122453
24208080
36815967
33091186
34560276
26555782
34274040
35361573
36093550
36837611
32988872
30646535
22262372
33141150
-253753
33632786
33955589
31533977
33251202
34482718
27007165
36942211
33788608
34099899
32425116
35450391
35546464
36754446
34158528
32478730
30316056
-285047
31458690
30282498
36265812
33493121
34665597
32810005
36912115
24715617
25607385
36931989
26538082
33850142
34625599
33256804
-6789863
26955654
31887262
24651075
36381881
-10721045
33734311
33655804
36862989
34530961
36324953
36898768
27659923
36800409
36529478
29658279
35827324
36685783
36152644
29653600
33324626
27527405
34905020
34456717
34801139
35050961
36325992
34224269
31247767
25549903
36050595
24950752
36576857
26334468
28406870
35027066
33928347
35842040
24707471
36994287
30922848
21847543
32289559
36949732
34554129
36967336
36266077
25428993
36321945
29577607
31041006
27664522
33385132
36963261
33781898
32461345
28165528
-12727671
-266547
32045303
36904668
34804129
25236305
30064790
35020585
-983050
28640248
36483706
29338697
24656840
36137819
36931442
34150912
36487796
29070845
33365339
36489249
35205938
35177274
36897291
27211743
33726841
36199166
36959026
35560950
36324759
30380875
36387351
25084178
26204478
34665091
33978094
22153028
31085556
30313827
36504860
28894926
32911450
35311447
36610919
25443790
35716168
25429284
36812320
33454264
34215635
29295222
36374684
25838701
36523998
26310850
26107286
31965793
33206883
22110915
29375887
36461412
36829023
29274454
35515256
33942967
36768503
23602824
34932622
35171782
33991431
31878344
33397410
28389471
34480571
36474757
28386270
-216439
33386978
35254436
36169336
35987598
29639903
34135195
27907423
35548532
35975702
34743557
36802004
36765618
-12878048
31857833
24903260
29731614
36785271
35441593
27280483
35914511
33693811
27490859
23787728
28214577
29125795
30162731
35190059
-966263
33176330
33589298
36290687
30458133
36698127
36627283
32065458
22336380
36092150
34867535
36247141
27454182
35829692
32602369
33535561
34821226
36289776
36693195
26986295
36883445
36841259
29665856
33091913
36041537
32443242
23759575
34416900
36396976
31587583
27147673
33054344
34039716
32207051
36725790
25927200
-80275
30176225
24669932
28060192
26994169
34774365
36626612
30579357
34775495
-34442
25938698
33047406
36806125
30996529
36041561
37564628
35759698
35569513
35757508
36920794
29241737
-13231978
35123361
36375911
36487671
28291965
35716145
21880494
35668321
30177403
35735460
35917149
35908548
35866489
34709436
33236876
35425809
-10768561
35676813
36844123
27274286
35848845
31387239
34651567
-9929362
35941164
34771297
31066257
34349144
23530703
27021573
35253023
27920237
26381017
35656596
27773576
32378484
36904636
33437632
29160999
27001040
30013804
26984986
29946537
34475585
29975611
35021675
24618259
35978653
-188824
35710053
29090010
36507545
-50294
26229333
36554579
28503089
36399703
28433550
34378513
36929135
32648639
31197962
29657587
29025436
34358424
35524547
36906437
28825764
30415115
26346284
32196738
36691839
36617805
31236731
36888064
22557892
35383599
36937976
36510818
36919211
31925398
36468931
36010608
-252198
29775689
-217922
34055183
36839652
27722967
35422712
34615318
28610756
29249420
32515699
-3368
-13230338
36335132
27323800
35161679
36831045
35761844
32318223
-265569
30792097
35476702
-12708466
-76937
34429001
34459998
36326557
36633628
36764995
36288879
35711163
34588000
35913259
34701273
36052349
35680441
30459174
36378242
34435444
21788737
26047404
34700312
25108153
26880837
23789787
28880086
35925617
36791337
21696530
26329519
33012111
25276824
36647442
25978145
36198230
33990966
35677565
36891689
36131013
28925675
36241007
34762302
26820911
30626563
31232285
32696784
26481097
36119351
25944348
33893661
36391035
36962688
35567879
33369428
36868832
-10816351
36716441
21602089
34420330
29978691
28673446
36515048
33731672
28496698
31559119
29386826
36806467
28018944
36944178
36933698
32792753
32951354
35421377
-12900396
-12130
22645378
36624080
34316064
35917100
28459760
21597597
26246939
21710698
37759967
35006362
28361595
25758061
21935283
36111423
29862923
35804211
29710409
28922698
36857070
27022885
30050837
36801880
24261198
35995041
-203147
33968011
36989055
33317574
35284010
26057165
34755954
35079921
25431390
35309484
34472463
21789388
34433003
28913136
34045387
36897822
36574099
22118728
34930210
33809196
35199627
34443754
30364139
-1042803
29163969
-988465
32590111
34157014
35557220
36416139
36465738
36364103
27147378
21892201
32279168
36967700
34905536
27148531
26969696
22236605
-13071919
31846388
35605789
32925157
36345114
36790354
27376375
34091364
36231045
35699960
27929020
34076065
36593506
35222099
32072426
36586770
25094302
34398064
33842579
25115673
27320697
36076587
35410608
35100904
35699274
24316824
34279889
25852727
30622218
-904422
33604783
33410631
33858879
33087404
36901839
35573015
34443152
30690693
36307920
34186192
33666872
34264992
24755897
36944884
-12660292
33847767
32767110
31200192
-12828050
36081505
33480845
33057815
33716026
27493373
27781209
36166047
31761181
23315844
32055278
34414495
35253594
-12801661
33575361
-174053
30427508
24367088
35095964
32352860
36817494
36811856
36879237
26716045
31708470
24429959
36592641
-218893
27837221
34600706
36579054
30589704
25926208
32974080
36825210
36441280
34098442
34686016
29606287
31678942
29696128
37035620
31628365
34588999
35764091
21871330
35296192
27525112
29251109
27342051
35859348
36848360
34307304
36916704
21675527
34036847
36740090
31865075
21924685
34499215
34604973
-13099408
30817717
35706488
34882761
36470378
34638154
35687244
35070287
36922731
31872202
-11241044
34749580
30357080
36773987
33935762
35540065
25340119
30366783
33391379
25171135
34871295
-960616
-959655
29923040
-12745835
36567065
36980571
36797847
26389289
35129555
24302318
36219803
36089439
36970129
28494359
36033422
31229465
36764737
36349316
36584940
33952117
-12955243
28111954
34722720
23448387
35079603
30804201
31964259
30081237
29513132
27953433
36654998
35735651
23990530
34191609
36919552
33260171
22233375
27968522
-12827000
34113959
34394411
-13262008
32908569
36785877
26071689
35819063
23454930
-920409
-11058120
36108884
36890594
34020639
35452874
36918085
36252546
23773235
36867216
36400756
-13064156
32701004
36931292
35687508
32401600
36774032
36731804
33626932
36980305
34372925
32328876
36135422
36016259
28996879
27324887
36939302
34159016
-11118817
36839621
35638977
35269738
36183138
33755441
29308969
-240766
32630797
34022998
35054013
23576083
29486331
25947993
30291426
35054738
36909985
29315491
28972414
35608470
29725945
36942557
36603652
34805469
36752686
28674124
34959282
21912035
-13250207
24853342
27327267
36227575
24613085
36493729
34242663
26328798
29258844
36896297
25958871
36680898
28517730
25449776
36207486
35375618
34227306
27632348
28417818
35871911
34327808
26381850
34023083
36908100
35610883
34669397
27561471
26611796
-51792
33898712
34985407
23634924
-1026691
24825164
33952330
35218355
26350097
-11367
32611043
26612439
35437054
36698487
35878414
-38598
29240561
-216500
34320770
24779770
35141176
22539887
30591137
28146985
34308836
27710558
35795861
33978531
35957727
24315213
35948798
36347830
30999694
36454204
21747511
35447164
35225285
28285326
33858533
26142503
28788501
22820562
32574056
35962384
29261121
35268597
34279731
27271901
36806378
-31712
30391153
22391818
29419438
36899201
33687306
35498889
35248221
35787482
35569639
34022627
23361181
24027000
30281213
-34698
36839077
34896681
36603466
28098392
32766966
36338406
34475098
32861295
33289439
33665892
35808926
36166136
36810955
29341616
36436571
25625706
36871902
35434931
36858882
27351686
-95191
28424722
36850412
24392654
34353962
34738404
32741867
36952952
35111590
29713108
26152719
22602979
22083657
34387312
36102180
35170132
-13147125
33923055
35407441
23675433
35250481
25077907
36947733
34040751
27480878
34657675
36517102
29006395
24336022
36522839
33816095
33779713
36946820
36863449
36624603
-12681875
32007222
33192898
30835178
30296939
30255516
36941390
33799472
36262198
35257911
24824757
36935179
26443453
34861898
36537704
36066844
30268892
-348868
36984566
28621712
30753053
26213834
-13135326
32880754
36944649
35863549
29669350
25733380
27950568
36028796
36473219
32478770
36206630
27075751
35663577
25646391
36692380
34829825
30704719
24865821
35506958
36049730
33976928
32387465
-942362
-9929284
34869286
35556691
24998945
24998945